index, frame, sample, time, raw[0], cal[0]
0,10,0,0.0197955,16064,22.5907
1,11,0,0.039591,16064,22.5907
2,13,0,0.0593865,16034,22.0563
3,15,0,0.079182,16081,22.8935
4,17,0,0.0989775,16059,22.5016
5,18,0,0.118773,16065,22.6085
6,20,0,0.138569,16052,22.3769
7,22,0,0.158364,16061,22.5372
8,23,0,0.17816,16061,22.5372
9,24,0,0.197955,16064,22.5907
10,26,0,0.217751,16084,22.9469
11,28,0,0.237546,16041,22.181
12,30,0,0.257342,16078,22.84
13,33,0,0.277137,16058,22.4838
14,34,0,0.296933,16056,22.4482
15,36,0,0.316728,16097,23.1784
16,37,0,0.336524,16097,23.1784
17,38,0,0.356319,16083,22.9291
18,40,0,0.376115,16068,22.6619
19,42,0,0.39591,16068,22.6619
20,44,0,0.415706,16040,22.1632
21,46,0,0.435501,16078,22.84
22,48,0,0.455297,16049,22.3235
23,51,0,0.475092,16100,23.2319
24,52,0,0.494888,16077,22.8222
25,56,0,0.514683,16067,22.6441
26,58,0,0.534479,16097,23.1784
27,60,0,0.554274,16077,22.8222
28,62,0,0.57407,16059,22.5016
29,64,0,0.593865,16064,22.5907
30,66,0,0.613661,16094,23.125
31,70,0,0.633456,16090,23.0538
32,71,0,0.653252,16090,23.0538
33,73,0,0.673047,16055,22.4304
34,74,0,0.692843,16086,22.9825
35,76,0,0.712638,16054,22.4126
36,78,0,0.732434,16037,22.1098
37,80,0,0.752229,16057,22.466
38,82,0,0.772025,16058,22.4838
39,84,0,0.79182,16062,22.5551
40,86,0,0.811616,16026,21.9139
41,88,0,0.831411,16050,22.3413
42,89,0,0.851207,16050,22.3413
43,91,0,0.871002,16059,22.5016
44,92,0,0.890798,16060,22.5194
45,94,0,0.910593,16049,22.3235
46,96,0,0.930389,16060,22.5194
47,98,0,0.950184,16070,22.6975
48,100,0,0.96998,16029,21.9673
49,102,0,0.989775,16049,22.3235
50,104,0,1.00957,16088,23.0181
51,106,0,1.02937,16052,22.3769
52,108,0,1.04916,16064,22.5907
53,109,0,1.06896,16064,22.5907
54,111,0,1.08875,16049,22.3235
55,114,0,1.10855,16046,22.2701
56,116,0,1.12834,16080,22.8756
57,118,0,1.14814,16024,21.8782
58,119,0,1.16793,16024,21.8782
59,120,0,1.18773,16076,22.8044
60,122,0,1.20753,16046,22.2701
61,124,0,1.22732,16087,23.0003
62,126,0,1.24712,16084,22.9469
63,127,0,1.26691,16084,22.9469
64,129,0,1.28671,16030,21.9851
65,130,0,1.3065,16073,22.751
66,132,0,1.3263,16069,22.6797
67,134,0,1.34609,16069,22.6797
68,136,0,1.36589,16066,22.6263
69,138,0,1.38569,16042,22.1988
70,140,0,1.40548,16034,22.0563
71,143,0,1.42528,16046,22.2701
72,145,0,1.44507,16062,22.5551
73,147,0,1.46487,16082,22.9113
74,149,0,1.48466,16041,22.181
75,151,0,1.50446,16083,22.9291
76,153,0,1.52425,16044,22.2345
77,155,0,1.54405,16060,22.5194
78,157,0,1.56384,16057,22.466
79,159,0,1.58364,16062,22.5551
80,161,0,1.60344,16058,22.4838
81,163,0,1.62323,16050,22.3413
82,165,0,1.64303,16032,22.0207
83,167,0,1.66282,16079,22.8578
84,169,0,1.68262,16056,22.4482
85,171,0,1.70241,16036,22.092
86,173,0,1.72221,16050,22.3413
87,175,0,1.742,16063,22.5729
88,177,0,1.7618,16053,22.3948
89,179,0,1.7816,16059,22.5016
90,181,0,1.80139,16081,22.8935
91,183,0,1.82119,16054,22.4126
92,185,0,1.84098,16057,22.466
93,187,0,1.86078,16069,22.6797
94,189,0,1.88057,16076,22.8044
95,191,0,1.90037,16073,22.751
96,193,0,1.92016,16085,22.9647
97,195,0,1.93996,16073,22.751
98,197,0,1.95975,16069,22.6797
99,199,0,1.97955,16055,22.4304
100,201,0,1.99935,16083,22.9291
101,203,0,2.01914,16070,22.6975
102,205,0,2.03894,16084,22.9469
103,207,0,2.05873,16056,22.4482
104,209,0,2.07853,16070,22.6975
105,211,0,2.09832,16089,23.0359
106,213,0,2.11812,16041,22.181
107,215,0,2.13791,16038,22.1276
108,217,0,2.15771,16065,22.6085
109,219,0,2.17751,16035,22.0742
110,221,0,2.1973,16048,22.3057
111,223,0,2.2171,16079,22.8578
112,225,0,2.23689,16044,22.2345
113,227,0,2.25669,16036,22.092
114,229,0,2.27648,16051,22.3591
115,231,0,2.29628,16047,22.2879
116,233,0,2.31607,16069,22.6797
117,235,0,2.33587,16051,22.3591
118,237,0,2.35566,16044,22.2345
119,239,0,2.37546,16030,21.9851
120,241,0,2.39526,16073,22.751
121,243,0,2.41505,16085,22.9647
122,245,0,2.43485,16068,22.6619
123,247,0,2.45464,16081,22.8935
124,249,0,2.47444,16091,23.0716
125,251,0,2.49423,16073,22.751
126,253,0,2.51403,16054,22.4126
127,255,0,2.53382,16089,23.0359
128,1,0,2.55362,16050,22.3413
129,3,0,2.57342,16087,23.0003
130,5,0,2.59321,16064,22.5907
131,7,0,2.61301,16055,22.4304
132,9,0,2.6328,16056,22.4482
133,11,0,2.6526,16065,22.6085
134,13,0,2.67239,16056,22.4482
135,15,0,2.69219,16064,22.5907
136,17,0,2.71198,16046,22.2701
137,19,0,2.73178,16074,22.7688
138,21,0,2.75157,16067,22.6441
139,23,0,2.77137,16074,22.7688
140,25,0,2.79117,16067,22.6441
141,27,0,2.81096,16075,22.7866
142,29,0,2.83076,16049,22.3235
143,31,0,2.85055,16119,23.5703
144,33,0,2.87035,16081,22.8935
145,35,0,2.89014,16043,22.2166
146,37,0,2.90994,16065,22.6085
147,39,0,2.92973,16053,22.3948
148,41,0,2.94953,16060,22.5194
149,43,0,2.96933,16066,22.6263
150,45,0,2.98912,16044,22.2345
151,47,0,3.00892,16063,22.5729
152,49,0,3.02871,16067,22.6441
153,51,0,3.04851,16035,22.0742
154,53,0,3.0683,16035,22.0742
155,55,0,3.0881,16090,23.0538
156,57,0,3.10789,16095,23.1428
157,59,0,3.12769,16079,22.8578
158,61,0,3.14748,16044,22.2345
159,63,0,3.16728,16057,22.466
160,65,0,3.18708,16072,22.7332
161,67,0,3.20687,16082,22.9113
162,69,0,3.22667,16041,22.181
163,71,0,3.24646,16044,22.2345
164,73,0,3.26626,16069,22.6797
165,75,0,3.28605,16053,22.3948
166,77,0,3.30585,16089,23.0359
167,79,0,3.32564,16060,22.5194
168,81,0,3.34544,16079,22.8578
169,83,0,3.36524,16059,22.5016
170,85,0,3.38503,16051,22.3591
171,87,0,3.40483,16080,22.8756
172,89,0,3.42462,16072,22.7332
173,91,0,3.44442,16093,23.1072
174,93,0,3.46421,16068,22.6619
175,95,0,3.48401,16084,22.9469
176,97,0,3.5038,16070,22.6975
177,99,0,3.5236,16051,22.3591
178,101,0,3.54339,16075,22.7866
179,103,0,3.56319,16075,22.7866
180,105,0,3.58299,16077,22.8222
181,107,0,3.60278,16085,22.9647
182,109,0,3.62258,16056,22.4482
183,111,0,3.64237,16053,22.3948
184,113,0,3.66217,16082,22.9113
185,115,0,3.68196,16063,22.5729
186,117,0,3.70176,16045,22.2523
187,119,0,3.72155,16089,23.0359
188,121,0,3.74135,16063,22.5729
189,123,0,3.76115,16076,22.8044
190,125,0,3.78094,16064,22.5907
191,127,0,3.80074,16031,22.0029
192,129,0,3.82053,16036,22.092
193,131,0,3.84033,16046,22.2701
194,133,0,3.86012,16066,22.6263
195,135,0,3.87992,16048,22.3057
196,137,0,3.89971,16096,23.1606
197,139,0,3.91951,16047,22.2879
198,141,0,3.9393,16078,22.84
199,143,0,3.9591,16073,22.751
200,145,0,3.9789,16063,22.5729
201,147,0,3.99869,16065,22.6085
202,149,0,4.01849,16049,22.3235
203,151,0,4.03828,16056,22.4482
204,153,0,4.05808,16056,22.4482
205,155,0,4.07787,16090,23.0538
206,157,0,4.09767,16043,22.2166
207,159,0,4.11746,16070,22.6975
208,161,0,4.13726,16033,22.0385
209,163,0,4.15706,16068,22.6619
210,165,0,4.17685,16051,22.3591
211,167,0,4.19665,16065,22.6085
212,169,0,4.21644,16070,22.6975
213,171,0,4.23624,16055,22.4304
214,173,0,4.25603,16063,22.5729
215,175,0,4.27583,16055,22.4304
216,177,0,4.29562,16042,22.1988
217,179,0,4.31542,16066,22.6263
218,181,0,4.33521,16084,22.9469
219,183,0,4.35501,16049,22.3235
220,185,0,4.37481,16083,22.9291
221,187,0,4.3946,16068,22.6619
222,189,0,4.4144,16060,22.5194
223,191,0,4.43419,16052,22.3769
224,193,0,4.45399,16060,22.5194
225,195,0,4.47378,16084,22.9469
226,197,0,4.49358,16053,22.3948
227,199,0,4.51337,16046,22.2701
228,201,0,4.53317,16095,23.1428
229,203,0,4.55297,16088,23.0181
230,205,0,4.57276,16057,22.466
231,207,0,4.59256,16057,22.466
232,209,0,4.61235,16060,22.5194
233,211,0,4.63215,16073,22.751
234,213,0,4.65194,16060,22.5194
235,215,0,4.67174,16052,22.3769
236,217,0,4.69153,16054,22.4126
237,219,0,4.71133,16056,22.4482
238,221,0,4.73112,16079,22.8578
239,223,0,4.75092,16062,22.5551
240,225,0,4.77072,16070,22.6975
241,227,0,4.79051,16078,22.84
242,229,0,4.81031,16060,22.5194
243,231,0,4.8301,16068,22.6619
244,233,0,4.8499,16066,22.6263
245,235,0,4.86969,16053,22.3948
246,237,0,4.88949,16066,22.6263
247,239,0,4.90928,16066,22.6263
248,241,0,4.92908,16043,22.2166
249,243,0,4.94888,16063,22.5729
250,245,0,4.96867,16050,22.3413
251,247,0,4.98847,16067,22.6441
252,249,0,5.00826,16076,22.8044
253,251,0,5.02806,16058,22.4838
254,253,0,5.04785,16078,22.84
255,255,0,5.06765,16079,22.8578
256,1,0,5.08744,16057,22.466
257,3,0,5.10724,16059,22.5016
258,5,0,5.12703,16057,22.466
259,7,0,5.14683,16064,22.5907
260,9,0,5.16663,16090,23.0538
261,11,0,5.18642,16053,22.3948
262,13,0,5.20622,16036,22.092
263,15,0,5.22601,16059,22.5016
264,17,0,5.24581,16082,22.9113
265,19,0,5.2656,16060,22.5194
266,21,0,5.2854,16048,22.3057
267,23,0,5.30519,16099,23.2141
268,25,0,5.32499,16072,22.7332
269,27,0,5.34479,16091,23.0716
270,29,0,5.36458,16074,22.7688
271,31,0,5.38438,16054,22.4126
272,33,0,5.40417,16055,22.4304
273,35,0,5.42397,16050,22.3413
274,37,0,5.44376,16064,22.5907
275,39,0,5.46356,16040,22.1632
276,41,0,5.48335,16077,22.8222
277,43,0,5.50315,16106,23.3387
278,45,0,5.52294,16073,22.751
279,47,0,5.54274,16057,22.466
280,49,0,5.56254,16071,22.7153
281,51,0,5.58233,16050,22.3413
282,53,0,5.60213,16057,22.466
283,55,0,5.62192,16036,22.092
284,57,0,5.64172,16042,22.1988
285,59,0,5.66151,16058,22.4838
286,61,0,5.68131,16077,22.8222
287,63,0,5.7011,16087,23.0003
288,65,0,5.7209,16062,22.5551
289,67,0,5.7407,16083,22.9291
290,69,0,5.76049,16070,22.6975
291,71,0,5.78029,16057,22.466
292,73,0,5.80008,16104,23.3031
293,75,0,5.81988,16077,22.8222
294,77,0,5.83967,16062,22.5551
295,79,0,5.85947,16089,23.0359
296,81,0,5.87926,16085,22.9647
297,83,0,5.89906,16083,22.9291
298,85,0,5.91885,16078,22.84
299,87,0,5.93865,16076,22.8044
300,89,0,5.95845,16074,22.7688
301,91,0,5.97824,16073,22.751
302,93,0,5.99804,16055,22.4304
303,95,0,6.01783,16090,23.0538
304,97,0,6.03763,16092,23.0894
305,99,0,6.05742,16066,22.6263
306,101,0,6.07722,16080,22.8756
307,103,0,6.09701,16080,22.8756
308,105,0,6.11681,16065,22.6085
309,107,0,6.13661,16066,22.6263
310,109,0,6.1564,16076,22.8044
311,111,0,6.1762,16028,21.9495
312,113,0,6.19599,16029,21.9673
313,115,0,6.21579,16055,22.4304
314,117,0,6.23558,16054,22.4126
315,119,0,6.25538,16086,22.9825
316,121,0,6.27517,16059,22.5016
317,123,0,6.29497,16067,22.6441
318,125,0,6.31476,16085,22.9647
319,127,0,6.33456,16085,22.9647
320,129,0,6.35436,16086,22.9825
321,131,0,6.37415,16067,22.6441
322,133,0,6.39395,16064,22.5907
323,135,0,6.41374,16061,22.5372
324,137,0,6.43354,16049,22.3235
325,139,0,6.45333,16094,23.125
326,141,0,6.47313,16082,22.9113
327,143,0,6.49292,16100,23.2319
328,145,0,6.51272,16056,22.4482
329,147,0,6.53252,16110,23.41
330,149,0,6.55231,16081,22.8935
331,151,0,6.57211,16066,22.6263
332,153,0,6.5919,16079,22.8578
333,155,0,6.6117,16088,23.0181
334,157,0,6.63149,16046,22.2701
335,159,0,6.65129,16089,23.0359
336,161,0,6.67108,16086,22.9825
337,163,0,6.69088,16062,22.5551
338,165,0,6.71067,16066,22.6263
339,167,0,6.73047,16064,22.5907
340,169,0,6.75027,16080,22.8756
341,171,0,6.77006,16072,22.7332
342,173,0,6.78986,16053,22.3948
343,175,0,6.80965,16030,21.9851
344,177,0,6.82945,16046,22.2701
345,179,0,6.84924,16041,22.181
346,181,0,6.86904,16073,22.751
347,183,0,6.88883,16058,22.4838
348,185,0,6.90863,16055,22.4304
349,187,0,6.92843,16062,22.5551
350,189,0,6.94822,16055,22.4304
351,191,0,6.96802,16050,22.3413
352,193,0,6.98781,16072,22.7332
353,195,0,7.00761,16098,23.1962
354,197,0,7.0274,16078,22.84
355,199,0,7.0472,16057,22.466
356,201,0,7.06699,16071,22.7153
357,203,0,7.08679,16095,23.1428
358,205,0,7.10658,16068,22.6619
359,207,0,7.12638,16068,22.6619
360,209,0,7.14618,16074,22.7688
361,211,0,7.16597,16112,23.4456
362,213,0,7.18577,16079,22.8578
363,215,0,7.20556,16054,22.4126
364,217,0,7.22536,16050,22.3413
365,219,0,7.24515,16067,22.6441
366,221,0,7.26495,16092,23.0894
367,223,0,7.28474,16080,22.8756
368,225,0,7.30454,16087,23.0003
369,227,0,7.32434,16072,22.7332
370,229,0,7.34413,16051,22.3591
371,231,0,7.36393,16064,22.5907
372,233,0,7.38372,16080,22.8756
373,235,0,7.40352,16078,22.84
374,237,0,7.42331,16045,22.2523
375,239,0,7.44311,16044,22.2345
376,241,0,7.4629,16079,22.8578
377,243,0,7.4827,16064,22.5907
378,245,0,7.50249,16066,22.6263
379,247,0,7.52229,16069,22.6797
380,249,0,7.54209,16059,22.5016
381,251,0,7.56188,16082,22.9113
382,253,0,7.58168,16069,22.6797
383,255,0,7.60147,16099,23.2141
384,1,0,7.62127,16048,22.3057
385,3,0,7.64106,16058,22.4838
386,5,0,7.66086,16067,22.6441
387,7,0,7.68065,16043,22.2166
388,9,0,7.70045,16089,23.0359
389,11,0,7.72025,16073,22.751
390,13,0,7.74004,16080,22.8756
391,15,0,7.75984,16078,22.84
392,17,0,7.77963,16044,22.2345
393,19,0,7.79943,16092,23.0894
394,21,0,7.81922,16058,22.4838
395,23,0,7.83902,16084,22.9469
396,25,0,7.85881,16053,22.3948
397,27,0,7.87861,16057,22.466
398,29,0,7.8984,16056,22.4482
399,31,0,7.9182,16089,23.0359
400,33,0,7.938,16074,22.7688
401,35,0,7.95779,16064,22.5907
402,37,0,7.97759,16065,22.6085
403,39,0,7.99738,16064,22.5907
404,41,0,8.01718,16074,22.7688
405,43,0,8.03697,16041,22.181
406,45,0,8.05677,16047,22.2879
407,47,0,8.07656,16055,22.4304
408,49,0,8.09636,16097,23.1784
409,51,0,8.11616,16102,23.2675
410,53,0,8.13595,16087,23.0003
411,55,0,8.15575,16030,21.9851
412,57,0,8.17554,16067,22.6441
413,59,0,8.19534,16082,22.9113
414,61,0,8.21513,16058,22.4838
415,63,0,8.23493,16074,22.7688
416,65,0,8.25472,16055,22.4304
417,67,0,8.27452,16083,22.9291
418,69,0,8.29431,16071,22.7153
419,71,0,8.31411,16044,22.2345
420,73,0,8.33391,16101,23.2497
421,75,0,8.3537,16070,22.6975
422,77,0,8.3735,16066,22.6263
423,79,0,8.39329,16057,22.466
424,81,0,8.41309,16063,22.5729
425,83,0,8.43288,16057,22.466
426,85,0,8.45268,16055,22.4304
427,87,0,8.47247,16077,22.8222
428,89,0,8.49227,16069,22.6797
429,91,0,8.51207,16086,22.9825
430,93,0,8.53186,16045,22.2523
431,95,0,8.55166,16077,22.8222
432,97,0,8.57145,16104,23.3031
433,99,0,8.59125,16085,22.9647
434,101,0,8.61104,16091,23.0716
435,103,0,8.63084,16067,22.6441
436,105,0,8.65063,16082,22.9113
437,107,0,8.67043,16056,22.4482
438,109,0,8.69022,16056,22.4482
439,111,0,8.71002,16050,22.3413
440,113,0,8.72982,16106,23.3387
441,115,0,8.74961,16078,22.84
442,117,0,8.76941,16052,22.3769
443,119,0,8.7892,16081,22.8935
444,121,0,8.809,16050,22.3413
445,123,0,8.82879,16079,22.8578
446,125,0,8.84859,16062,22.5551
447,127,0,8.86838,16041,22.181
448,129,0,8.88818,16076,22.8044
449,131,0,8.90798,16074,22.7688
450,133,0,8.92777,16090,23.0538
451,135,0,8.94757,16063,22.5729
452,137,0,8.96736,16054,22.4126
453,139,0,8.98716,16054,22.4126
454,141,0,9.00695,16026,21.9139
455,143,0,9.02675,16046,22.2701
456,145,0,9.04654,16055,22.4304
457,147,0,9.06634,16044,22.2345
458,149,0,9.08613,16059,22.5016
459,151,0,9.10593,16070,22.6975
460,153,0,9.12573,16086,22.9825
461,155,0,9.14552,16081,22.8935
462,157,0,9.16532,16058,22.4838
463,159,0,9.18511,16055,22.4304
464,161,0,9.20491,16058,22.4838
465,163,0,9.2247,16065,22.6085
466,165,0,9.2445,16064,22.5907
467,167,0,9.26429,16067,22.6441
468,169,0,9.28409,16048,22.3057
469,171,0,9.30389,16095,23.1428
470,173,0,9.32368,16065,22.6085
471,175,0,9.34348,16037,22.1098
472,177,0,9.36327,16078,22.84
473,179,0,9.38307,16039,22.1454
474,181,0,9.40286,16068,22.6619
475,183,0,9.42266,16038,22.1276
476,185,0,9.44245,16044,22.2345
477,187,0,9.46225,16063,22.5729
478,189,0,9.48204,16048,22.3057
479,191,0,9.50184,16045,22.2523
480,193,0,9.52164,16064,22.5907
481,195,0,9.54143,16058,22.4838
482,197,0,9.56123,16094,23.125
483,199,0,9.58102,16045,22.2523
484,201,0,9.60082,16055,22.4304
485,203,0,9.62061,16037,22.1098
486,205,0,9.64041,16060,22.5194
487,207,0,9.6602,16091,23.0716
488,209,0,9.68,16106,23.3387
